  
E:\baidu\finance_project\model\600399_2016-01-04.xls
1546.499999999971    
-0.02	84462.0	
-0.01	171807.0	
-0.03	42213.0	
0	466670.0	
9.86	17513.0	
0.02	73725.0	
0.01	181900.0	
0.03	70552.0	
E:\baidu\finance_project\model\600399_2016-01-05.xls
8817.630000000034    
-0.02	75494.0	
-0.01	239831.0	
-0.03	136951.0	
0	828831.0	
8.76	21333.0	
0.02	118903.0	
0.03	283957.0	
0.01	274956.0	
E:\baidu\finance_project\model\600399_2016-01-06.xls
3318.6300000000047    
-0.02	164974.0	
-0.01	357864.0	
-0.03	181886.0	
0	821221.0	
10.45	30579.0	
0.02	223320.0	
0.03	173239.0	
0.01	447989.0	
E:\baidu\finance_project\model\600399_2016-01-07.xls
-4746.559999999998    
-0.02	65189.0	
10.6	16559.0	
-0.01	52094.0	
-0.03	101486.0	
0	217234.0	
0.02	29314.0	
0.03	38087.0	
0.01	54541.0	
E:\baidu\finance_project\model\600399_2016-01-08.xls
728.1900000000023    
-0.02	113132.0	
-0.01	285943.0	
-0.03	128294.0	
0	490264.0	
10.19	23002.0	
0.02	90464.0	
0.03	149599.0	
0.01	278668.0	
E:\baidu\finance_project\model\600399_2016-01-09.xls
0.0    
E:\baidu\finance_project\model\600399_2016-01-10.xls
0.0    
E:\baidu\finance_project\model\600399_2016-01-11.xls
-3891.0899999999965    
-0.02	96481.0	
-0.01	204466.0	
-0.03	80653.0	
0	362915.0	
10.0	14074.0	
0.02	43213.0	
0.03	44482.0	
0.01	155125.0	
E:\baidu\finance_project\model\600399_2016-01-12.xls
-602.6399999999994    
-0.02	45275.0	
-0.01	166044.0	
-0.03	37034.0	
0	380381.0	
9.0	4827.0	
0.02	34186.0	
0.03	33068.0	
0.01	144337.0	
E:\baidu\finance_project\model\600399_2016-01-13.xls
-805.7500000000036    
-0.02	56321.0	
-0.01	151674.0	
8.4	2693.0	
-0.03	37806.0	
0	257094.0	
0.02	42877.0	
0.03	20119.0	
0.01	151241.0	
E:\baidu\finance_project\model\600399_2016-01-14.xls
-1255.9500000000044    
-0.02	31128.0	
-0.01	105534.0	
7.67	5744.0	
-0.03	50188.0	
0	230677.0	
0.02	46729.0	
0.03	36837.0	
0.01	122792.0	
E:\baidu\finance_project\model\600399_2016-01-15.xls
-1202.9999999999982    
-0.02	39614.0	
-0.01	140473.0	
-0.03	23950.0	
0	221737.0	
8.1	2119.0	
0.02	25072.0	
0.03	14097.0	
0.01	96469.0	
E:\baidu\finance_project\model\600399_2016-01-16.xls
0.0    
E:\baidu\finance_project\model\600399_2016-01-17.xls
0.0    
E:\baidu\finance_project\model\600399_2016-01-18.xls
128.29000000000087    
-0.02	18378.0	
-0.01	91712.0	
-0.03	9009.0	
0	173196.0	
7.46	2802.0	
0.02	13756.0	
0.03	9714.0	
0.01	86887.0	
E:\baidu\finance_project\model\600399_2016-01-19.xls
1546.2799999999988    
-0.02	14036.0	
-0.01	87951.0	
-0.03	2787.0	
0	225155.0	
7.71	679.0	
0.02	13658.0	
0.03	20613.0	
0.01	131330.0	
2016-01-20
395.8199999999979    
-0.02	28527.0	
-0.01	116902.0	
-0.03	14584.0	
0	19,2861.0	
8.01	1947.0	
0.02	25217.0	
0.03	15924.0	
0.01	99692.0	
2016-01-21
-532.0099999999984    
-0.02	20628.0	
-0.01	111326.0	
-0.03	19254.0	
0	19,0820.0	
0.02	17622.0	
0.03	13861.0	
0.01	76180.0	
7.96	1932.0

2016-01-22
713.9699999999975    
-0.02	18593.0	
-0.01	83988.0	
7.67	2595.0	
-0.03	13418.0	
0	   16,5021.0	
0.02	30702.0	
0.03	23661.0	
0.01	86003.0	

600399_2016-01-25.xls
-138.65000000000055    
-0.02	15420.0	
-0.01	75726.0	
-0.03	8163.0	
0	16,0609.0	
8.03	624.0	
0.02	8865.0	
0.03	10557.0	
0.01	66402.0	

600399_2016-01-26.xls
-2016.8500000000004    
-0.02	42190.0	
-0.01	97699.0	
-0.03	36604.0	
0	19,3242.0	
7.86	1300.0	
0.02	22863.0	
0.03	7377.0	
0.01	70027.0	

600399_2016-01-27.xls
149.97999999999774    
-0.02	22408.0	
-0.01	74745.0	
0	15,2498.0	
-0.03	13923.0	
7.21	1250.0	
0.02	24737.0	
0.03	14854.0	
0.01	67590.0	

600399_2016-01-28.xls
-1056.58    
-0.02	21188.0	
-0.01	58287.0	
-0.03	20788.0	
0	11,8226.0	
7.26	1830.0	
0.02	13145.0	
0.03	3804.0	
0.01	46357.0	

600399_2016-01-29.xls
-121.27000000000135    
-0.02	2558.0	
-0.01	59957.0	
-0.03	3157.0	
0	13,2323.0	
6.8	706.0	
0.02	6337.0	
0.03	1601.0	
0.01	46065.0	

E:\baidu\finance_project\model\600399_2016-02-01.xls
-216.45999999999913    
-0.02	10238.0	
-0.01	37739.0	
-0.03	7463.0	
0	102337.0	
0.02	6917.0	
0.03	4721.0	
0.01	35857.0	
7.02	1564.0